90021d257	317	254
90021d258	322	278
90021d259	333	288
90021d260	326	305
90022d257	314	224
90022d258	310	230
90022d259	319	247
90022d260	319	244
90027d120	325	257
90027d121	334	272
90028d117	310	281
90028d118	309	298
90031d212	347	258
90031d213	348	264
90032d199	289	296
90032d200	295	312
90054d114	362	203
90054d115	363	214
90055d113	333	213
90055d114	344	237
90081d210	316	227
90081d211	327	249
90082d209	337	289
90082d210	327	274
90096d218	366	273
90096d219	357	271
90097d215	375	279
90097d216	386	285
90100d95	333	290
90100d96	346	311
90101d96	359	307
90101d97	357	301
90104d141	383	297
90104d142	385	301
90105d143	388	289
90105d144	384	294
90110d63	313	276
90110d64	282	306
90111d69	321	252
90111d70	298	278
90118d76	311	273
90118d77	309	303
90119d73	330	230
90119d74	333	239
90124d75	363	273
90124d76	378	326
90125d76	321	275
90125d77	315	317
90132d157	343	197
90132d158	324	271
90133d162	341	239
90133d163	335	241
90138d170	339	194
90138d171	341	218
90139d157	333	230
90139d158	341	276
90147d116	333	203
90147d117	336	197
90148d115	280	234
90148d116	263	269
90153d116	318	289
90153d117	265	316
90154d113	328	262
90154d114	328	303
90164d141	344	256
90164d142	346	265
90165d139	349	289
90165d140	334	312
90176d51	330	256
90176d52	282	277
90177d120	310	193
90177d121	309	251
90218d120	324	233
90218d121	362	245
90219d119	351	247
90219d120	356	251
90230d116	360	241
90230d117	347	246
90231d116	346	258
90231d117	335	274
90248d107	306	198
90248d108	308	217
90249d124	336	251
90249d125	336	229
90260d116	340	238
90260d117	331	230
90261d116	349	236
90261d117	349	232
90262d116	369	263
90262d117	371	292
90263d116	349	250
90263d117	350	255
90270d55	313	238
90270d56	318	243
90271d53	340	225
90271d54	340	227
90272d52	298	280
90272d53	271	297
90273d54	254	266
90273d55	264	267
90274d53	299	306
90274d54	271	316
90275d44	274	269
90275d45	253	285
90276d54	292	264
90276d55	300	268
90277d49	356	282
90277d50	351	283
90278d54	346	276
90278d55	342	283
90279d54	354	271
90279d55	357	273
90280d54	375	254
90280d55	356	252
90281d58	294	283
90281d59	333	287
90282d54	323	282
90282d55	318	285
90283d58	343	268
90283d59	336	267
90286d96	326	267
90286d97	334	267
90286d98	360	274
90286d99	361	279
90287d100	343	273
90287d97	306	257
90287d98	314	259
90287d99	344	272
90288d52	294	299
90288d53	317	299
90289d52	313	261
90289d53	315	269
90290d54	305	284
90290d55	300	304
90291d41	333	268
90291d42	347	291
90292d42	350	277
90292d43	355	292
90293d41	313	266
90293d42	310	312
90294d42	330	241
90294d43	328	251
90295d41	340	264
90295d42	337	266
90296d40	296	270
90296d41	298	281
90297d40	327	294
90297d41	334	304
90298d40	373	267
90298d41	374	264
90299d41	336	257
90299d42	343	283
90300d44	318	253
90300d45	303	308
90301d44	277	268
90301d45	285	287
90302d44	344	242
90302d45	324	249
90303d44	358	221
90303d45	321	255
90304d44	387	200
90304d45	372	211
90305d44	324	245
90305d45	323	267
90306d34	330	316
90306d35	327	316
90307d34	358	295
90307d35	368	290
90308d34	376	239
90308d35	382	237
90309d34	308	267
90309d35	359	292
90310d34	339	271
90310d35	360	290
90311d34	364	241
90311d35	377	248
90312d34	311	265
90312d35	307	285
90313d34	359	243
90313d35	358	248
90314d34	327	256
90314d35	338	255
90315d34	344	248
90315d35	355	248
90316d34	354	322
90316d35	350	337
90317d34	369	334
90317d35	360	336
90320d34	367	257
90320d35	380	270
90321d34	370	230
90321d35	368	232
90322d34	366	255
90322d35	377	281
90323d34	359	303
90323d35	373	325
90324d34	340	320
90324d35	330	306
90325d32	331	302
90325d33	329	312
90326d32	336	267
90326d33	335	265
90327d32	319	223
90327d33	329	304
90328d49	345	247
90328d50	315	279
90329d50	296	283
90329d51	252	291
90330d52	313	264
90330d53	302	291
90331d49	304	271
90331d50	304	273
90332d51	315	275
90332d52	325	292
90333d50	333	278
90333d51	354	266
90336d32	360	260
90336d33	365	270
90337d31	333	200
90337d32	341	216
90338d32	287	279
90338d33	323	280
90339d32	303	283
90339d33	321	287
90340d31	342	213
90340d32	343	228
90341d31	342	210
90341d32	350	224
90342d32	332	235
90342d33	319	244
90343d31	365	251
90343d32	371	291
90344d30	351	269
90344d31	332	271
90345d32	330	287
90345d33	317	300
90346d29	344	229
90346d30	337	233
90347d31	360	293
90347d32	357	320
90350d31	346	329
90350d32	340	296
90352d33	298	209
90352d34	309	231
90353d31	362	219
90353d32	366	248
90354d30	317	206
90354d31	435	318
90355d30	316	273
90355d31	304	271
90356d31	295	288
90356d32	280	296
90357d31	325	261
90357d32	340	291
90358d33	308	240
90358d34	314	262
90359d31	287	275
90359d32	309	285
90363d31	327	205
90363d32	320	214
90364d32	338	250
90364d33	401	297
90365d32	337	234
90365d33	356	230
90366d29	319	245
90366d30	313	248
90367d63	294	286
90367d64	295	285
90367d65	309	307
90367d66	325	285
90368d65	353	278
90368d66	345	289
90368d67	327	198
90368d68	334	208
90369d30	327	230
90369d31	320	240
90370d31	306	243
90370d32	317	271
90371d34	307	316
90371d35	314	260
90372d31	297	313
90372d32	288	310
90373d34	392	253
90373d35	413	252
90374d31	397	284
90374d32	411	316
90375d32	369	255
90375d33	378	257
90376d34	335	244
90376d35	321	247
90377d37	334	168
90377d38	325	175
90378d31	313	280
90378d32	309	293
90379d29	320	206
90379d30	343	234
90380d33	309	206
90380d34	316	207
90381d33	334	236
90381d34	336	250
90382d32	284	245
90382d33	311	276
90385d31	308	296
90385d32	321	294
90386d28	334	282
90386d29	352	315
90387d31	313	253
90387d32	307	277
90388d31	341	186
90388d32	328	268
90389d32	333	255
90389d33	338	263
90390d33	302	259
90390d34	289	266
90391d32	317	183
90391d33	309	192
90392d32	323	229
90392d33	312	242
90393d34	326	258
90393d35	341	327
90394d33	319	269
90394d34	329	297
90402d34	322	247
90402d35	338	248
90403d34	336	298
90403d35	322	320
90404d34	356	234
90404d35	357	236
90405d34	382	264
90405d35	374	260
90406d34	360	259
90406d35	358	252
90407d34	338	259
90407d35	342	281
90410d54	321	295
90410d55	313	319
90411d54	316	311
90411d55	332	334
90416d54	317	255
90416d55	313	259
90417d54	322	239
90417d55	318	247
90418d54	332	203
90418d55	333	216
90419d54	329	200
90419d55	328	206
90420d54	373	289
90420d55	363	276
90421d54	391	263
90421d55	386	279
90422d44	385	245
90422d45	354	255
90423d44	362	270
90423d45	361	307
90424d44	355	228
90424d45	341	237
90425d44	373	300
90425d45	364	290
90426d44	343	246
90426d45	350	311
90427d44	361	276
90427d45	339	278
90428d44	361	248
90428d45	360	275
90429d43	364	242
90429d44	361	254
90430d44	348	242
90430d45	372	238
90431d44	338	231
90431d45	317	234
90432d44	348	242
90432d45	343	281
90433d44	323	280
90433d45	346	332
90434d44	336	250
90434d45	343	265
90435d44	367	261
90435d45	358	276
90438d44	354	315
90438d45	342	293
90439d38	354	275
90439d39	348	281
90440d43	371	235
90440d44	360	259
90441d44	352	242
90441d45	353	265
90442d43	350	267
90442d44	362	279
90443d44	372	229
90443d45	369	276
90451d43	306	184
90451d44	317	319
90452d43	362	315
90452d44	314	266
90453d233	325	282
90453d234	319	298
90454d42	350	296
90454d43	369	297
90455d43	340	307
90455d44	312	335
90456d44	390	242
90456d45	382	281
90457d44	336	291
90457d45	351	306
90458d44	347	302
90458d45	341	272
90459d34	360	247
90459d35	362	251
90460d34	326	295
90460d35	330	296
90463d34	278	242
90463d35	277	235
90464d34	318	219
90464d35	315	221
90466d32	353	184
90466d33	340	205
90467d32	289	251
90467d33	267	266
90468d34	363	303
90468d35	251	384
90469d30	321	258
90469d31	324	239
90470d34	342	271
90470d35	349	264
90471d34	347	252
90471d35	340	269
90472d34	321	262
90472d35	293	312
90473d34	306	292
90473d35	310	323
90474d34	331	196
90474d35	315	234
90475d34	335	264
90475d35	344	278
90476d32	349	227
90476d33	347	239
90477d34	299	212
90477d35	305	233
